              0111201112011120111201112            
              3444534445344453444534445            
              6777867778677786777867778            
              0111201112011120111201112            
              3444534445344453444534445            
              6777867778677786777867778            
              0111201112011120111201112            
              3444534445344453444534445            
              6777867778677786777867778            
              0111201112011120111201112            
              3444534445344453444534445            
              6777867778677786777867778            
              0111201112011120111201112            
              3444534445344453444534445            
              6777867778677786777867778            
              0111201112011120111201112            
              3444534445344453444534445            
              6777867778677786777867778            
                                                   
 01112011120111201112011120111201112011120111201112
 34Q4534W4534E4534R4534T4534Y4534U4534I4534O4534P45
 67778677786777867778677786777867778677786777867778
    011120111201112011120111201112011120111201112  
    34A4534S4534D4534F4534G4534H4534J4534K4534L45  
    677786777867778677786777867778677786777867778  
   01111201112011120111201112011120111201112011112 
   349 4534Z4534X4534C4534V4534B4534N4534M4534: 45 
   67777867778677786777867778677786777867778677778 
